,index,organisation_name,readiness_16,readiness_17,readiness_d,capabilities_16,capabilities_17,capabilities_d,infrastructure_16,infrastructure_17,infrastructure_d,total_16,total_17,total_d,location,point
0,R1A,Worcestershire Health and Care NHS Trust,85,86,1,53,38,-15,70,75,5,208,199,-9,"2, Kings Court, Charles Hastings Way, Worcester WR5 1JR, UK","(52.19248289999999, -2.1798262, 0.0)"
1,R1C,Solent NHS Trust,51,78,27,45,60,15,68,72,4,164,210,46,"Rooksdown House, 16 Southern Rd, Basingstoke RG21 3DZ, UK","(51.2613127, -1.0854306, 0.0)"
2,R1D,Shropshire Community Health NHS Trust,56,84,28,22,34,12,55,83,28,133,201,68,"Mytton Oak Rd, Shrewsbury SY3 8XL, UK","(52.70647409999999, -2.7894656, 0.0)"
3,R1E,Staffordshire & Stoke On Trent Partnership NHS Trust,82,51,-31,61,35,-26,100,73,-27,243,159,-84,"Harplands Hospital, Hilton Rd, Stoke-on-Trent ST4 6TH, UK","(53.0033384, -2.2092912, 0.0)"
4,R1F,Isle Of Wight NHS Trust,87,55,-32,44,55,11,86,54,-32,217,164,-53,"St. Mary's Hospital, Parkhurst Rd, Newport PO30 5TG, UK","(50.7099611, -1.2989023, 0.0)"
5,R1G,Torbay and Southern Devon Health and Care NHS Trust,88,89,1,34,55,21,77,91,14,199,235,36,"Bay House/Nicholson Rd, Torquay TQ2 7TD, UK","(50.4877399, -3.552757, 0.0)"
6,R1H,Barts Health NHS Trust,55,58,3,30,44,14,43,42,-1,128,144,16,"The Royal Hospital, Whitechapel Rd, Whitechapel, London E1 1BB, UK","(51.5178708, -0.0588687, 0.0)"
7,R1J,Gloucestershire Care Services NHS Trust,63,75,12,58,56,-2,68,84,16,189,215,26,"Edward Jenner Court, Gloucester Business Park, 1010 Pioneer Ave, Brockworth, Gloucester GL3 4AW, UK","(51.84707, -2.1764493, 0.0)"
8,R1K,London North West Healthcare NHS Trust,72,74,2,44,67,23,80,64,-16,196,205,9,"Northwick Park Hospital, A404 Watford Rd, Harrow HA1 3UJ, UK","(51.57544230000001, -0.322738, 0.0)"
9,RA2,Royal Surrey County Hospital NHS Trust,80,61,-19,37,47,10,73,63,-10,190,171,-19,"Egerton Rd, Guildford GU2 7XX, UK","(51.2411243, -0.6085178, 0.0)"
10,RA3,Weston Area Health NHS Trust,89,61,-28,67,36,-31,93,63,-30,249,160,-89,"Grange Rd, Uphill, Weston-super-Mare BS23 4TQ, UK","(51.32237, -2.9725926, 0.0)"
11,RA4,Yeovil District Hospital NHS Foundation Trust,38,96,58,43,60,17,55,86,31,136,242,106,"Higher Kingston, Yeovil BA21 4AT, UK","(50.9447524, -2.6343106, 0.0)"
12,RA7,University Hospitals Bristol NHS Foundation Trust,72,91,19,47,58,11,73,77,4,192,226,34,"Trust Headquarters, Marlborough St, Bristol BS1 3NU, UK","(51.4600795, -2.5953723, 0.0)"
13,RAE,Bradford Teaching Hospitals NHS Foundation Trust,68,99,31,50,77,27,70,93,23,188,269,81,"Duckworth Ln, Bradford BD9 6RJ, UK","(53.8060988, -1.7956253, 0.0)"
14,RAJ,Southend University Hospital NHS Foundation Trust,75,89,14,40,62,22,52,88,36,167,239,72,"Prittlewell Chase, Westcliff-on-Sea, Southend-on-Sea, Westcliff-on-Sea SS0 0RY, UK","(51.5538593, 0.6877327999999999, 0.0)"
15,RAL,Royal Free London NHS Foundation Trust,85,78,-7,26,47,21,59,62,3,170,187,17,"Pond St, Hampstead, London NW3 2QG, UK","(51.5521469, -0.1720675, 0.0)"
16,RAN,Royal National Orthopaedic Hospital NHS Trust,76,85,9,76,45,-31,84,97,13,236,227,-9,"Brockley Hill, Stanmore HA7 4LP, UK","(51.6314626, -0.3111258, 0.0)"
17,RAP,North Middlesex University Hospital NHS Trust,84,58,-26,36,31,-5,75,48,-27,195,137,-58,"Sterling Way, London N18 1QX, UK","(51.6131219, -0.07434059999999999, 0.0)"
18,RAS,The Hillingdon Hospitals NHS Foundation Trust,83,88,5,37,45,8,89,92,3,209,225,16,"Pield Heath Rd, Uxbridge UB8 3NN, UK","(51.5252078, -0.4612385, 0.0)"
19,RAT,North East London NHS Foundation Trust,79,97,18,22,60,38,57,95,38,158,252,94,"CEME Innovation Centre, 1 Marsh Way, Dagenham, Rainham RM13 8EU, UK","(51.5177157, 0.1719211, 0.0)"
20,RAX,Kingston Hospital NHS Trust,95,82,-13,64,66,2,80,71,-9,239,219,-20,"Galsworthy Rd, Kingston upon Thames KT2 7QB, UK","(51.4150364, -0.2820917, 0.0)"
21,RBA,Taunton and Somerset NHS Foundation Trust,96,96,0,52,50,-2,80,81,1,228,227,-1,"Musgrove Park Hospital, Parkfield Dr, Taunton TA1 5DA, UK","(51.0119619, -3.1196494, 0.0)"
22,RBD,Dorset County Hospitals NHS Foundation Trust,82,69,-13,27,58,31,70,83,13,179,210,31,"Williams Ave, Dorchester DT1 2JY, UK","(50.7126058, -2.4459986, 0.0)"
23,RBK,Walsall Healthcare NHS Trust,76,79,3,39,64,25,68,77,9,183,220,37,"Moat Rd, Walsall WS2 9PS, UK","(52.5829306, -1.9986992, 0.0)"
24,RBL,Wirral University Teaching Hospital NHS Foundation Trust,74,98,24,22,88,66,59,98,39,155,284,129,"Arrowe Park Hospital, Arrowe Park Rd, Birkenhead, Wirral CH49 5PE, UK","(53.3690502, -3.0955279, 0.0)"
25,RBN,St Helens and Knowsley Hospitals NHS Trust,73,98,25,34,68,34,52,89,37,159,255,96,"Warrington Rd, Prescot, Rainhill, Prescot L35 5DR, UK","(53.4212302, -2.7853229, 0.0)"
26,RBQ,Liverpool Heart and Chest Hospital NHS Trust,34,94,60,31,78,47,30,88,58,95,260,165,"Thomas Dr, Liverpool L14 3PE, UK","(53.41196799999999, -2.8995803, 0.0)"
27,RBS,Alder Hey Childrens NHS Foundation Trust,48,92,44,45,63,18,48,81,33,141,236,95,"E Prescot Rd., Liverpool L14 5AB, UK","(53.4182239, -2.8960515, 0.0)"
28,RBT,Mid Cheshire Hospitals NHS Foundation Trust,56,79,23,14,43,29,48,73,25,118,195,77,"Middlewich Rd, Crewe CW1 4QJ, UK","(53.1181539, -2.4760641, 0.0)"
29,RBV,The Christie NHS Foundation Trust,67,94,27,27,83,56,84,81,-3,178,258,80,"Wilmslow Rd, Manchester M20 4BX, UK","(53.4295649, -2.228165, 0.0)"
30,RBZ,Northern Devon Healthcare NHS Trust,86,94,8,67,60,-7,84,84,0,237,238,1,"Raleigh Heights, Barnstaple EX31 4JB, UK","(51.0924056, -4.0506281, 0.0)"
31,RC1,Bedford Hospitals NHS Trust,87,94,7,50,52,2,55,60,5,192,206,14,"South Wing, Kempston Rd, Bedford MK42 9DJ, UK","(52.1286223, -0.4712114, 0.0)"
32,RC9,Luton and Dunstable University Hospital NHS Foundation Trust,85,96,11,42,71,29,80,95,15,207,262,55,"The L&D Hospital, NHS Foundation Trust, Lewsey Rd, Luton LU4 0DZ, UK","(51.8947933, -0.4746371, 0.0)"
33,RCB,York Teaching Hospital NHS Foundation Trust,79,84,5,16,71,55,73,85,12,168,240,72,"Wigginton Rd, Clifton, York YO31 8HE, UK","(53.9699817, -1.083555, 0.0)"
34,RCD,Harrogate and District NHS Foundation Trust,79,96,17,71,46,-25,89,60,-29,239,202,-37,"Lancaster Park Rd, Harrogate HG2 7SX, UK","(53.9937105, -1.5175624, 0.0)"
36,RCU,Sheffield Childrens NHS Trust,72,81,9,40,32,-8,68,55,-13,180,168,-12,"Clarkson St, Broomhall, Sheffield S10 2TH, UK","(53.3804284, -1.4895067, 0.0)"
37,RCX,The Queen Elizabeth Hospital Kings Lynn NHS Foundation Trust,81,50,-31,38,25,-13,73,60,-13,192,135,-57,"Gayton Rd, King's Lynn PE30 4ET, UK","(52.7566152, 0.446967, 0.0)"
38,RD1,Royal United Hospital Bath NHS Trust,89,96,7,49,75,26,84,78,-6,222,249,27,"Combe Park, Bath, Avon BA1 3NG, UK","(51.3918072, -2.3907418, 0.0)"
39,RD3,Poole Hospitals NHS Trust,80,77,-3,30,48,18,70,64,-6,180,189,9,"Longfleet Rd, Poole BH15 2JB, UK","(50.7213346, -1.9737732, 0.0)"
40,RD8,Milton Keynes General Hospital NHS Trust,85,84,-1,25,44,19,77,68,-9,187,196,9,"Standing Way, Eaglestone, Milton Keynes MK6 5LD, UK","(52.0269973, -0.7357762, 0.0)"
41,RDD,Basildon and Thurrock University Hospitals NHS Foundation Trust,75,88,13,36,72,36,55,92,37,166,252,86,"Nether Mayne, Basildon SS16 5NL, UK","(51.5582929, 0.4514304, 0.0)"
42,RDE,Colchester Hospital University NHS Foundation Trust,71,96,25,48,64,16,77,93,16,196,253,57,"Turner Rd, Colchester CO4 5JL, UK","(51.9098567, 0.8988999000000001, 0.0)"
43,RDR,Sussex Community NHS Trust,53,81,28,29,41,12,27,57,30,109,179,70,"The School Clinic, Morley St, Brighton BN2 9DH, UK","(50.8258861, -0.1341909, 0.0)"
44,RDU,Frimley Health NHS Foundation Trust,69,84,15,39,46,7,70,76,6,178,206,28,"Portsmouth Rd, Frimley, Camberley GU16 7UJ, UK","(51.3189753, -0.7408513, 0.0)"
45,RDY,Dorset Healthcare University NHS Foundation Trust,79,59,-20,42,54,12,57,88,31,178,201,23,"4-6, Sentinel House, Nuffield Industrial Estate, Poole BH17 0RB, UK","(50.7391255, -1.9789726, 0.0)"
46,RDZ,The Royal Bournemouth and Christchurch Hospitals NHS Foundation Trust,55,74,19,37,47,10,30,66,36,122,187,65,"Castle Ln E, Bournemouth BH7 7DW, UK","(50.7480068, -1.822257, 0.0)"
47,RE9,South Tyneside Foundation NHS Trust,96,81,-15,28,45,17,73,72,-1,197,198,1,"Harton Ln, South Shields NE34 0PL, UK","(54.9714091, -1.4277704, 0.0)"
48,REF,Royal Cornwall Hospitals NHS Trust,94,91,-3,65,81,16,93,98,5,252,270,18,"Treliske, Truro TR1 3LJ, UK","(50.2662301, -5.0922396, 0.0)"
49,REM,Aintree University Hospital NHS Foundation Trust,65,87,22,4,57,53,55,94,39,124,238,114,"Lower Ln, Liverpool L9 7AL, UK","(53.4656706, -2.9317603, 0.0)"
50,REN,Clatterbridge Cancer Centre NHS Foundation Trust,80,85,5,39,72,33,64,82,18,183,239,56,"Clatterbridge Rd, Birkenhead, Wirral CH63 4JY, UK","(53.3318805, -3.0283774, 0.0)"
51,REP,Liverpool Womens Hospital NHS Trust,80,97,17,43,69,26,61,97,36,184,263,79,"Crown St, Liverpool L8 7SS, UK","(53.398919, -2.959683, 0.0)"
52,RET,The Walton Centre NHS Foundation Trust,89,99,10,52,64,12,77,80,3,218,243,25,"Lower Ln, Liverpool L9 7LJ, UK","(53.46643520000001, -2.9308819, 0.0)"
53,RF4,"Barking, Havering and Redbridge Hospitals NHS Trust",65,55,-10,40,41,1,77,89,12,182,185,3,"Queen's Hospital, Rom Valley Way, Romford RM7 0AG, UK","(51.5679484, 0.180049, 0.0)"
54,RFF,Barnsley Hospital NHS Foundation Trust,36,81,45,25,43,18,43,66,23,104,190,86,"Gawber Rd, Barnsley S75 2EP, UK","(53.5582693, -1.4995888, 0.0)"
55,RFR,The Rotherham NHS Foundation Trust,61,82,21,44,63,19,80,83,3,185,228,43,"Moorgate Rd, Rotherham S60 2UD, UK","(53.4142658, -1.3425348, 0.0)"
56,RFS,Chesterfield Royal Hospital NHS Foundation Trust,97,73,-24,52,55,3,70,78,8,219,206,-13,"Chesterfield Rd, Calow, Chesterfield S44 5BL, UK","(53.2364336, -1.3974218, 0.0)"
57,RGD,Leeds and York Partnership NHS Foundation Trust,62,92,30,33,47,14,66,86,20,161,225,64,"2150 Century Way, Thorpe Park Gardens, Leeds LS15 8ZB, UK","(53.7959442, -1.4257764, 0.0)"
58,RGM,Papworth Hospital NHS Foundation Trust,85,83,-2,42,53,11,75,74,-1,202,210,8,"Papworth Rd, Trumpington, Cambridge CB2 0AY, UK","(52.1730674, 0.1368829, 0.0)"
60,RGP,James Paget University Hospitals NHS Foundation Trust,85,79,-6,44,51,7,82,68,-14,211,198,-13,"Lowestoft Road Gorleston-on-Sea, Great Yarmouth, Gorleston-on-Sea, Great Yarmouth NR31 6LA, UK","(52.5618322, 1.7178975, 0.0)"
61,RGQ,Ipswich Hospital NHS Trust,67,99,32,45,54,9,64,89,25,176,242,66,"Heath Rd, Ipswich IP4 5PD, UK","(52.0579075, 1.1981153, 0.0)"
62,RGR,West Suffolk NHS Foundation Trust,98,90,-8,57,51,-6,80,73,-7,235,214,-21,"Hardwick Ln, Bury St Edmunds, Bury Saint Edmunds IP33 2QZ, UK","(52.2316146, 0.709248, 0.0)"
63,RGT,Cambridge University Hospitals NHS Foundation Trust,62,99,37,29,92,63,45,97,52,136,288,152,"Hills Rd, Cambridge CB2 0QQ, UK","(52.1751006, 0.1407275, 0.0)"
64,RH5,Somerset Partnership NHS Foundation Trust,73,88,15,38,60,22,84,83,-1,195,231,36,"Bridgwater TA6 4RN, UK","(51.14691, -2.9958832, 0.0)"
65,RH8,Royal Devon and Exeter NHS Foundation Trust,80,80,0,27,37,10,66,73,7,173,190,17,"Exeter EX2 5DW, UK","(50.7165311, -3.5100737, 0.0)"
66,RHA,Nottinghamshire Healthcare NHS Trust,61,71,10,48,34,-14,50,73,23,159,178,19,"Duncan MacMillan House, Porchester Rd, Mapperley, Nottingham NG3 6AA, UK","(52.9793569, -1.1262896, 0.0)"
67,RHM,University Hospitals Southampton NHS Foundation Trust,47,90,43,30,74,44,45,82,37,122,246,124,"Southampton General Hospital, Tremona Rd, Southampton SO16 6YD, UK","(50.93365619999999, -1.4346812, 0.0)"
68,RHQ,Sheffield Teaching Hospitals NHS Foundation Trust,66,82,16,42,59,17,70,73,3,178,214,36,"Royal Hallamshire Hospital, Glossop Rd, Broomhall, Sheffield S10 2JF, UK","(53.379171, -1.4923035, 0.0)"
69,RHU,Portsmouth Hospitals NHS Trust,61,73,12,43,34,-9,66,66,0,170,173,3,"Cosham, Portsmouth PO6 3LY, UK","(50.8497257, -1.0705618, 0.0)"
70,RHW,Royal Berkshire NHS Foundation Trust,85,83,-2,35,53,18,52,72,20,172,208,36,"London Rd, Reading RG1 5AN, UK","(51.4492924, -0.9581843999999999, 0.0)"
71,RJ1,Guys and St Thomas NHS Foundation Trust,71,74,3,40,49,9,57,64,7,168,187,19,"20 St Thomas St, London SE1 9RS, UK","(51.5046788, -0.08852929999999999, 0.0)"
72,RJ2,Lewisham and Greenwich NHS Trust,62,78,16,31,61,30,36,78,42,129,217,88,"Lewisham High St, London SE13 6LH, UK","(51.45306249999999, -0.0170139, 0.0)"
73,RJ6,Croydon Health Services NHS Trust,71,79,8,40,66,26,45,60,15,156,205,49,"12-18 Lennard Rd, Croydon CR9 2RS, UK","(51.3811409, -0.1034444, 0.0)"
75,RJ8,Cornwall Partnership NHS Foundation Trust,61,80,19,24,41,17,66,78,12,151,199,48,"Carew House, Beacon Technology Park, Dunmere Rd, Bodmin PL31 2QN, UK","(50.470256, -4.738597299999999, 0.0)"
76,RJC,South Warwickshire NHS Foundation Trust,62,85,23,39,39,0,80,71,-9,181,195,14,"Lakin Rd, Warwick CV34 5BW, UK","(52.2886554, -1.5812981, 0.0)"
77,RJE,University Hospital Of North Staffordshire NHS Trust,85,95,10,33,54,21,77,85,8,195,234,39,"Newcastle Rd, Stoke-on-Trent ST4 6QG, UK","(53.0038144, -2.2129403, 0.0)"
78,RJF,Burton Hospitals NHS Foundation Trust,68,68,0,67,84,17,82,80,-2,217,232,15,"Belvedere Rd, Burton-on-Trent DE13 0RB, UK","(52.8175281, -1.6561476, 0.0)"
79,RJL,Northern Lincolnshire and Goole NHS Foundation Trust,55,50,-5,47,51,4,64,59,-5,166,160,-6,"Scunthorpe General Hospital, Cliff Gardens, Scunthorpe DN15 7BH, UK","(53.587458, -0.6669379999999999, 0.0)"
80,RJN,East Cheshire NHS Trust,70,77,7,30,41,11,61,47,-14,161,165,4,"Victoria Rd, Macclesfield SK10 3BL, UK","(53.263219, -2.139391, 0.0)"
81,RJR,Countess Of Chester Hospital NHS Foundation Trust,61,64,3,20,65,45,39,73,34,120,202,82,"Liverpool Rd, Chester CH2 1UL, UK","(53.2082328, -2.8981136, 0.0)"
83,RJZ,Kings College Hospital NHS Foundation Trust,60,79,19,33,48,15,73,64,-9,166,191,25,"Denmark Hill, Herne Hill, London SE5 9RS, UK","(51.4680626, -0.0937708, 0.0)"
84,RK5,Sherwood Forest Hospitals NHS Foundation Trust,73,84,11,22,60,38,66,83,17,161,227,66,"Sutton Rd, Stockwell Gate, Nottingham, Mansfield NG18 5QE, UK","(53.1419209, -1.2067011, 0.0)"
85,RK9,Plymouth Hospitals NHS Trust,55,99,44,34,67,33,52,97,45,141,263,122,"Derriford Rd, Plymouth PL6 8DH, UK","(50.4166994, -4.116408, 0.0)"
86,RKB,University Hospitals Coventry and Warwickshire NHS,72,88,16,45,54,9,70,83,13,187,225,38,"Clifford Bridge Rd, Coventry CV2 2DX, UK","(52.4211586, -1.4376872, 0.0)"
89,RKL,West London Mental Health NHS Trust,83,85,2,18,31,13,100,65,-35,201,181,-20,"1 Armstrong Way, Southall UB2 4SD, UK","(51.5051438, -0.3572665, 0.0)"
90,RL1,The Robert Jones & Agnes Hunt Orthopaedic Hospital NHS Foundation Trust,74,71,-3,31,41,10,70,75,5,175,187,12,"Gobowen, Oswestry SY10 7AG, UK","(52.88446709999999, -3.0335905, 0.0)"
91,RL4,The Royal Wolverhampton NHS Trust,83,97,14,38,72,34,70,92,22,191,261,70,"12, Corporate Services Centre, New Cross Hospital, Wolverhampton WV10 0QP, UK","(52.5982537, -2.0948152, 0.0)"
92,RLN,City Hospitals Sunderland NHS Foundation Trust,74,97,23,38,79,41,68,88,20,180,264,84,"Kayll Rd, Sunderland SR4 7TP, UK","(54.9028353, -1.4088562, 0.0)"
93,RLQ,Wye Valley NHS Trust,78,68,-10,53,38,-15,80,60,-20,211,166,-45,"Stonebow Rd, Hereford HR1 2ER, UK","(52.0574483, -2.7058348, 0.0)"
94,RLT,George Eliot Hospital NHS Trust,54,89,35,24,56,32,50,93,43,128,238,110,"The George Eliot Hospital N H S Trust, College St, Nuneaton CV10 7DJ, UK","(52.5120604, -1.4752279, 0.0)"
96,RLY,North Staffordshire Combined Healthcare NHS Trust,85,99,14,37,63,26,32,93,61,154,255,101,"Bellringer Rd, Stoke-on-Trent ST4 8HH, UK","(52.9683755, -2.167723, 0.0)"
97,RM1,Norfolk and Norwich University Hospitals NHS Foundation Trust,73,64,-9,60,34,-26,73,57,-16,206,155,-51,"Colney Ln, Norwich NR4 7UY, UK","(52.6171847, 1.2202752, 0.0)"
98,RM2,University Hospital Of South Manchester NHS Foundation Trust,88,77,-11,50,50,0,98,78,-20,236,205,-31,"Southmoor Rd, Roundthorn Industrial Estate, Wythenshawe, Manchester M23 9LT, UK","(53.3890982, -2.2931686, 0.0)"
99,RM3,Salford Royal Hospitals NHS Trust,74,99,25,24,88,64,64,98,34,162,285,123,"Stott Ln, Salford M6 8HD, UK","(53.487482, -2.3238955, 0.0)"
100,RMC,Bolton NHS Foundation Trust,74,90,16,59,34,-25,66,69,3,199,193,-6,"Minerva Road, Farnworth, Bolton BL4 0JR, UK","(53.553957, -2.4293938, 0.0)"
101,RMP,Tameside Hospital NHS Foundation Trust,90,80,-10,43,59,16,91,72,-19,224,211,-13,"Fountain St, Ashton-under-Lyne OL6 9RW, UK","(53.49309950000001, -2.0715971, 0.0)"
102,RMY,Norfolk and Suffolk NHS Foundation Trust,49,74,25,26,47,21,52,73,21,127,194,67,"Drayton High Rd, Norwich NR6 5BE, UK","(52.6595275, 1.2509314, 0.0)"
103,RN3,Great Western Hospitals NHS Foundation Trust,60,84,24,37,54,17,48,70,22,145,208,63,"Marlborough Rd, Swindon SN3 6BB, UK","(51.5384082, -1.7274933, 0.0)"
104,RN5,Hampshire Hospitals NHS Foundation Trust,82,64,-18,68,45,-23,80,62,-18,230,171,-59,"Sherborne, Aldermaston Rd, Basingstoke RG24 9NA, UK","(51.2815331, -1.1109303, 0.0)"
105,RN7,Dartford and Gravesham NHS Trust,57,88,31,38,64,26,73,88,15,168,240,72,"Darenth Wood Rd, Dartford DA2 8DA, UK","(51.4352521, 0.258883, 0.0)"
106,RNA,The Dudley Group NHS Foundation Trust,74,95,21,25,40,15,61,79,18,160,214,54,"Dudley DY1 2HQ, UK","(52.5023154, -2.1186984, 0.0)"
107,RNK,Tavistock and Portman NHS Foundation Trust,83,71,-12,40,45,5,73,80,7,196,196,0,"120 Belsize Ln, London NW3 5BA, UK","(51.5468208, -0.1752228, 0.0)"
108,RNL,North Cumbria University Hospitals NHS Trust,69,66,-3,46,29,-17,80,59,-21,195,154,-41,"Newtown Rd, Carlisle CA2 7HY, UK","(54.8964115, -2.9573904, 0.0)"
109,RNN,Cumbria Partnership NHS Foundation Trust,72,89,17,30,23,-7,57,64,7,159,176,17,"12 Portland Square, Carlisle CA1 1PY, UK","(54.89268029999999, -2.927572800000001, 0.0)"
110,RNQ,Kettering General Hospital NHS Foundation Trust,56,69,13,23,46,23,50,50,0,129,165,36,"Rothwell Rd, Kettering NN16 8UZ, UK","(52.4018398, -0.7416706, 0.0)"
111,RNS,Northampton General Hospital NHS Trust,86,73,-13,66,59,-7,89,78,-11,241,210,-31,"Cliftonville, Northampton NN1 5BD, UK","(52.23613659999999, -0.8842779, 0.0)"
112,RNU,Oxford Health NHS Foundation Trust,84,90,6,38,42,4,66,83,17,188,215,27,"Slade House, Horspath Driftway, Headington, Oxford OX3 7JH, UK","(51.74344, -1.1988342, 0.0)"
113,RNZ,Salisbury NHS Foundation Trust,72,55,-17,38,46,8,75,63,-12,185,164,-21,"Odstock Rd, Salisbury SP2 8BJ, UK","(51.0452592, -1.7883697, 0.0)"
114,RP1,Northamptonshire Healthcare NHS Foundation Trust,65,80,15,40,60,20,61,77,16,166,217,51,"Berrywood Dr, Duston, Upton, Northampton NN5 6UD, UK","(52.24746680000001, -0.9599878999999999, 0.0)"
115,RP4,Great Ormond Street Hospital For Children NHS Foundation Trust,60,93,33,15,40,25,55,92,37,130,225,95,"Great Ormond Street, Holborn, London WC1N 3JH, UK","(51.5218626, -0.1207462, 0.0)"
116,RP5,Doncaster and Bassetlaw Hospitals NHS Foundation Trust,53,79,26,24,48,24,41,64,23,118,191,73,"Armthorpe Rd, Doncaster DN2 5LT, UK","(53.53076249999999, -1.1096038, 0.0)"
117,RP6,Moorfields Eye Hospital NHS Trust,61,77,16,32,39,7,73,68,-5,166,184,18,"Mile End Hospital, Bancroft Rd, Bethnal Green, London E1 4DG, UK","(51.524507, -0.042648, 0.0)"
118,RP7,Lincolnshire Partnership NHS Foundation Trust,79,78,-1,33,43,10,39,71,32,151,192,41,"Carholme Court Doddington Ward, Long Leys Rd, Lincoln LN1 1FS, UK","(53.2442972, -0.5582749, 0.0)"
119,RPA,Medway NHS Foundation Trust,55,92,37,30,63,33,61,85,24,146,240,94,"Windmill Road, Gillingham, Kent ME7 5NY, UK","(51.3796444, 0.5416722, 0.0)"
120,RPC,The Queen Victoria Hospital NHS Foundation Trust,48,74,26,38,31,-7,59,61,2,145,166,21,"Holtye Rd, East Grinstead RH19 3DZ, UK","(51.1353453, -0.0018081, 0.0)"
121,RPG,Oxleas NHS Foundation Trust,46,85,39,28,53,25,52,80,28,126,218,92,"45-47 Halfway St, Sidcup DA15 8LH, UK","(51.4378287, 0.0964872, 0.0)"
122,RPY,The Royal Marsden NHS Foundation Trust,84,87,3,34,41,7,70,45,-25,188,173,-15,"Supplies Department Fulham Road, Chelsea, London SW3 6JJ, UK","(51.4908714, -0.1727977, 0.0)"
124,RQ6,Royal Liverpool and Broadgreen University Hospitals NHS Trust,78,95,17,68,82,14,82,90,8,228,267,39,"Prescot St, Liverpool L7 8XP, UK","(53.4099629, -2.9647761, 0.0)"
125,RQ8,Mid Essex Hospital Services NHS Trust,58,91,33,33,75,42,43,78,35,134,244,110,"Chelmsford & Essex Centre, New London Rd, Chelmsford CM2 0QH, UK","(51.7309244, 0.4710095, 0.0)"
126,RQM,Chelsea and Westminster Hospital NHS Foundation Trust,55,97,42,23,65,42,39,86,47,117,248,131,"369 Fulham Rd, Chelsea, London SW10 9NH, UK","(51.4844841, -0.1818676, 0.0)"
128,RQW,The Princess Alexandra Hospital NHS Trust,69,81,12,33,58,25,66,80,14,168,219,51,"Hamstel Rd, Harlow CM20 1QX, UK","(51.77104989999999, 0.0858092, 0.0)"
129,RQX,Homerton University Hospital NHS Foundation Trust,90,88,-2,64,72,8,82,74,-8,236,234,-2,"Homerton Row, Clapton, London E9 6SR, UK","(51.5504182, -0.0461232, 0.0)"
130,RQY,South West London and St Georges Mental Health NHS Trust,95,67,-28,59,51,-8,77,88,11,231,206,-25,"Springfield University Hospital, 61 Glenburnie Rd, Tooting, London SW17 7DJ, UK","(51.435901, -0.167684, 0.0)"
131,RR1,Heart Of England NHS Foundation Trust,84,68,-16,45,53,8,75,57,-18,204,178,-26,"45 Bordesley Green E, Birmingham B9 5ST, UK","(52.4778605, -1.8275255, 0.0)"
132,RR7,Gateshead Health NHS Foundation Trust,79,91,12,40,55,15,70,71,1,189,217,28,"Fontwell Dr, Gateshead NE8 4YL, UK","(54.9447057, -1.6155638, 0.0)"
133,RR8,Leeds Teaching Hospitals NHS Trust,84,82,-2,23,57,34,80,37,-43,187,176,-11,"Great George St, Leeds LS1 3EX, UK","(53.80254309999999, -1.5528919, 0.0)"
135,RRE,South Staffordshire and Shropshire Healthcare NHS Foundation Trust,87,84,-3,39,48,9,75,86,11,201,218,17,"78 St Georges Pkwy, Stafford ST16 3FL, UK","(52.8104469, -2.110126, 0.0)"
136,RRF,"Wrightington, Wigan and Leigh NHS Foundation Trust",89,81,-8,61,66,5,80,97,17,230,244,14,"Hall Ln, Appley Bridge, Wigan WN6 9EP, UK","(53.5905035, -2.7118897, 0.0)"
137,RRJ,The Royal Orthopaedic Hospital NHS Foundation Trust,78,64,-14,36,29,-7,66,67,1,180,160,-20,"The Woodlands, Bristol Rd S, Northfield, Birmingham B31 2AP, UK","(52.4206669, -1.9610708, 0.0)"
138,RRK,Birmingham NHS Foundation Trust,57,98,41,12,81,69,59,97,38,128,276,148,"Priestley Wharf, Holt St, Birmingham B7 4BN, UK","(52.487897, -1.8863477, 0.0)"
139,RRP,"Barnet, Enfield and Haringey Mental Health NHS Trust",76,57,-19,47,34,-13,48,72,24,171,163,-8,"Avon Villa, Enfield EN2 8JL, UK","(51.6663149, -0.1036128, 0.0)"
140,RRV,University College London Hospitals NHS Foundation Trust,60,76,16,33,36,3,52,66,14,145,178,33,"Euston Rd, Kings Cross, London WC1H 8ND, UK","(51.5297361, -0.1247568, 0.0)"
141,RT1,Cambridgeshire and Peterborough NHS Foundation Trust,74,64,-10,35,47,12,66,64,-2,175,175,0,"Elizabeth House,, Fulbourn, Cambridge CB21 5EF, UK","(52.184934, 0.18769, 0.0)"
142,RT2,Pennine Care NHS Foundation Trust,66,69,3,18,34,16,52,60,8,136,163,27,"225 Old St, Ashton-under-Lyne OL6 7SR, UK","(53.4855416, -2.1004486, 0.0)"
143,RT3,Royal Brompton and Harefield NHS Foundation Trust,80,90,10,41,62,21,70,92,22,191,244,53,"Britten St, Chelsea, London SW3 6NJ, UK","(51.488701, -0.1702566, 0.0)"
144,RT5,Leicestershire Partnership NHS Trust,51,89,38,33,53,20,61,77,16,145,219,74,"Glenfield Hospital, Groby Rd, Leicester LE3 9DZ, UK","(52.654588, -1.1837338, 0.0)"
145,RTD,The Newcastle Upon Tyne Hospitals NHS Foundation Trust,64,95,31,44,61,17,68,86,18,176,242,66,"Freeman Rd, High Heaton, Newcastle upon Tyne NE7 7DN, UK","(55.0025582, -1.5932643, 0.0)"
146,RTE,Gloucestershire Hospitals NHS Foundation Trust,82,71,-11,35,37,2,68,72,4,185,180,-5,"Alexandra House, Cheltenham General Hospital, Sandford Rd, Cheltenham GL53 7AN, UK","(51.8920872, -2.0721422, 0.0)"
147,RTF,Northumbria Healthcare NHS Foundation Trust,77,77,0,61,43,-18,66,62,-4,204,182,-22,"Unit 7-8 Silver Fox Way Cobalt Business Park, Silver Fox Way, Newcastle upon Tyne NE27 0QJ, UK","(55.02077860000001, -1.5098367, 0.0)"
148,RTG,Derby Hospitals NHS Foundation Trust,86,80,-6,59,80,21,98,89,-9,243,249,6,"Uttoxeter Rd, Derby DE22 3NE, UK","(52.9106394, -1.5139933, 0.0)"
149,RTH,Oxford University Hospitals NHS Trust,87,85,-2,53,80,27,39,87,48,179,252,73,"Headley Way, Headington, Oxford OX3 9DU, UK","(51.764391, -1.2188774, 0.0)"
150,RTK,Ashford and St Peters Hospitals NHS Foundation Trust,84,94,10,34,55,21,82,83,1,200,232,32,"Guildford St, Lyne, Chertsey KT16 0PZ, UK","(51.37692269999999, -0.5287442, 0.0)"
151,RTP,Surrey and Sussex Healthcare NHS Trust,79,94,15,46,60,14,64,84,20,189,238,49,"3NQ, Balcombe Rd, Crawley RH10 3ZF, UK","(51.1356987, -0.1501175, 0.0)"
152,RTQ,2Gether NHS Foundation Trust,88,78,-10,26,45,19,50,72,22,164,195,31,"Acorn House, Horton Rd, Gloucester GL1 3PX, UK","(51.8664689, -2.2271051, 0.0)"
153,RTR,South Tees Hospitals NHS Trust,98,86,-12,59,61,2,80,78,-2,237,225,-12,"Northallerton DL6 1JG, UK","(54.342627, -1.430376, 0.0)"
154,RTV,5 Boroughs Partnership NHS Foundation Trust,79,83,4,49,39,-10,73,74,1,201,196,-5,"Hollins Park Hospital, Hollins Ln, Winwick, Warrington WA2 8WA, UK","(53.4286247, -2.608387, 0.0)"
155,RTX,University Hospitals Of Morecambe Bay NHS Trust,75,96,21,46,64,18,61,95,34,182,255,73,"Burton Rd, Kendal LA9 7RG, UK","(54.30691419999999, -2.7346238, 0.0)"
156,RV3,Central and North West London NHS Foundation Trust,66,74,8,64,31,-33,77,63,-14,207,168,-39,"350 Euston Rd, Fitzrovia, London NW1 3AX, UK","(51.5242155, -0.1422452, 0.0)"
157,RV5,South London and Maudsley NHS Foundation Trust,61,91,30,45,53,8,64,78,14,170,222,52,"Bethlem Royal Hospital, Monks Orchard Road, Beckenham BR3 3BX, UK","(51.3811467, -0.0275295, 0.0)"
158,RV9,Humber NHS Foundation Trust,40,88,48,39,51,12,84,80,-4,163,219,56,"Trust Headquarters Willerby Hill, Willerby, Hull HU10 6ED, UK","(53.7726879, -0.4458797, 0.0)"
159,RVJ,North Bristol NHS Trust,60,82,22,28,52,24,64,72,8,152,206,54,"Southmead Rd, Bristol BS10 5NB, UK","(51.4982841, -2.5915971, 0.0)"
160,RVN,Avon and Wiltshire Mental Health Partnership NHS Trust,50,65,15,36,31,-5,20,54,34,106,150,44,"Woodside Callington Road Hospital Marmalade Lane, Brislington, Avon, Bristol BS4 5BJ, UK","(51.4317117, -2.5563242, 0.0)"
161,RVR,Epsom and St Helier University Hospitals NHS Trust,82,60,-22,84,50,-34,82,65,-17,248,175,-73,"Dorking Rd, Epsom KT18 7EG, UK","(51.3253456, -0.2728097, 0.0)"
162,RVV,East Kent Hospitals NHS Trust,83,90,7,44,61,17,75,92,17,202,243,41,"Ethelbert Rd, Canterbury CT1 3NG, UK","(51.2662051, 1.0866394, 0.0)"
163,RVW,North Tees and Hartlepool NHS Foundation Trust,91,96,5,40,89,49,86,98,12,217,283,66,"Hardwick Rd, Hardwick, Stockton-on-Tees TS19 8PE, UK","(54.58249679999999, -1.3472709, 0.0)"
164,RVY,Southport and Ormskirk Hospital NHS Trust,76,60,-16,44,46,2,70,75,5,190,181,-9,"Southport and Formby District General Hospital Town Lane, Kew, Southport PR8 6PN, UK","(53.6333043, -2.9792197, 0.0)"
165,RW1,Southern Health NHS Foundation Trust,90,97,7,65,58,-7,82,95,13,237,250,13,"67-69 Ringwood Rd, Totton, Southampton SO40 8DX, UK","(50.9174648, -1.4922171, 0.0)"
166,RW3,Central Manchester University Hospitals NHS Foundation Trust,93,76,-17,62,50,-12,77,70,-7,232,196,-36,"Cobbett House, Manchester Royal Infirmary, Oxford Rd, Manchester M13 9WL, UK","(53.4607569, -2.2277393, 0.0)"
168,RW5,Lancashire Care NHS Foundation Trust,81,98,17,64,55,-9,86,90,4,231,243,12,"Sceptre Point Sceptre Way, Walton Summit Rd, Walton Summit Centre, Preston PR5 6AW, UK","(53.71915, -2.639792, 0.0)"
169,RW6,Pennine Acute Hospitals NHS Trust,69,79,10,29,67,38,73,73,0,171,219,48,"Delaunays Rd, Crumpsall, Manchester M8 5RB, UK","(53.5178824, -2.2294865, 0.0)"
170,RWA,Hull and East Yorkshire Hospitals NHS Trust,57,93,36,51,62,11,75,70,-5,183,225,42,"Anlaby Rd, Hull HU3 2JZ, UK","(53.74422029999999, -0.3582799, 0.0)"
171,RWD,United Lincolnshire Hospitals NHS Trust,84,79,-5,36,43,7,80,67,-13,200,189,-11,"United Lincolnshire Hospitals NHS Trust, 101 Manthorpe Rd, Grantham NG31 8DG, UK","(52.9210011, -0.6406482, 0.0)"
172,RWE,University Hospitals Of Leicester NHS Trust,77,94,17,33,67,34,68,82,14,178,243,65,"Infirmary Square, Leicester LE1 5WW, UK","(52.62555589999999, -1.1355658, 0.0)"
173,RWF,Maidstone and Tunbridge Wells NHS Trust,86,76,-10,36,47,11,73,68,-5,195,191,-4,"Tonbridge Rd, Royal Tunbridge Wells, Tunbridge Wells TN2 4QJ, UK","(51.1483335, 0.3069464, 0.0)"
174,RWG,West Hertfordshire Hospitals NHS Trust,72,64,-8,52,31,-21,89,54,-35,213,149,-64,"Vicarage Rd, Watford WD18 0HB, UK","(51.64853799999999, -0.4036239, 0.0)"
175,RWH,East and North Hertfordshire NHS Trust,77,73,-4,31,42,11,77,54,-23,185,169,-16,"Lister Hospital, Coreys Mill Lane, Stevenage SG1 4AB, UK","(51.92422029999999, -0.2118406, 0.0)"
176,RWJ,Stockport NHS Foundation Trust,76,88,12,43,64,21,84,97,13,203,249,46,"Stockport SK2 7JE, UK","(53.3827676, -2.1317531, 0.0)"
177,RWK,East London NHS Foundation Trust,94,87,-7,43,46,3,80,84,4,217,217,0,"275 Bancroft Rd, Bethnal Green, London E1 4DG, UK","(51.52446639999999, -0.0426694, 0.0)"
179,RWP,Worcestershire Acute Hospitals NHS Trust,67,95,28,34,48,14,50,58,8,151,201,50,"Charles Hastings Way, Worcester WR5 1DD, UK","(52.1912499, -2.1811171, 0.0)"
180,RWR,Hertfordshire Partnership University Foundation NHS Trust,82,76,-6,54,42,-12,89,58,-31,225,176,-49,"99 Waverley Rd, St Albans AL3 5TQ, UK","(51.7625796, -0.3451309, 0.0)"
181,RWV,Devon Partnership NHS Trust,98,79,-19,58,48,-10,82,61,-21,238,188,-50,"Wonford House, Dryden Rd, Exeter EX2 5AF, UK","(50.7153144, -3.5062778, 0.0)"
182,RWW,Warrington and Halton Hospitals NHS Foundation Trust,76,99,23,50,62,12,73,100,27,199,261,62,"Lovely Ln, Warrington WA5 1QG, UK","(53.3940422, -2.6108215, 0.0)"
183,RWX,Berkshire Healthcare NHS Foundation Trust,85,95,10,32,57,25,77,83,6,194,235,41,"Fitzwilliam House, Skimped Hill Ln, Bracknell RG12 1BQ, UK","(51.41656889999999, -0.7543322, 0.0)"
184,RWY,Calderdale and Huddersfield NHS Foundation Trust,82,94,12,49,69,20,80,93,13,211,256,45,"Acre St, Lindley, Huddersfield HD3 3EA, UK","(53.65571629999999, -1.8189892, 0.0)"
185,RX1,Nottingham University Hospitals NHS Trust,56,93,37,40,70,30,86,89,3,182,252,70,"Hucknall Rd, Nottingham NG5 1PB, UK","(52.9904528, -1.1570212, 0.0)"
186,RX2,Sussex Partnership NHS Foundation Trust,28,92,64,16,53,37,34,97,63,78,242,164,"31 North St, Horsham RH12 1RJ, UK","(51.0645093, -0.3234356, 0.0)"
187,RX3,"Tees, Esk and Wear Valleys NHS Foundation Trust",92,88,-4,53,31,-22,82,77,-5,227,196,-31,"163 Durham Rd, Stockton-on-Tees TS19 0EA, UK","(54.5759742, -1.3298925, 0.0)"
188,RX4,"Northumberland, Tyne and Wear NHS Foundation Trust",76,95,19,31,59,28,66,97,31,173,251,78,"St. Nicholas Hospital/Jubilee Rd, Newcastle upon Tyne NE3 3XT, UK","(55.006329, -1.6347733, 0.0)"
189,RXA,Cheshire and Wirral Partnership NHS Foundation Trust,35,78,43,14,52,38,32,56,24,81,186,105,"Chester Health Park, Liverpool Rd, Chester CH2 1BQ, UK","(53.2120533, -2.8998958, 0.0)"
190,RXC,East Sussex Healthcare NHS Trust,84,74,-10,31,37,6,59,60,1,174,171,-3,"St Annes House, 729 The Ridge, Hastings, Saint Leonards-on-sea TN37 7PT, UK","(50.88499119999999, 0.5681560999999999, 0.0)"
191,RXE,Rotherham Doncaster and South Humber NHS Foundation Trust,35,77,42,23,44,21,66,75,9,124,196,72,"St Catherines House, Tickhill Rd., Doncaster DN4 8QN, UK","(53.4948158, -1.1459607, 0.0)"
192,RXF,Mid Yorkshire Hospitals NHS Trust,67,52,-15,56,45,-11,82,65,-17,205,162,-43,"Aberford Rd, Wakefield WF1 4DG, UK","(53.6949443, -1.489292, 0.0)"
193,RXG,South West Yorkshire Partnership Foundation NHS Trust,81,78,-3,36,45,9,57,78,21,174,201,27,"South West Yorkshire Partnership NHS Foundation Trust, Ouchthorpe Ln, Wakefield WF1 3SP, UK","(53.6974399, -1.4908461, 0.0)"
194,RXH,Brighton and Sussex University Hospitals NHS Trust,87,46,-41,79,44,-35,89,78,-11,255,168,-87,"Kemptown, Brighton BN2 1ES, UK","(50.8185063, -0.1203727, 0.0)"
195,RXK,Sandwell and West Birmingham Hospitals NHS Trust,60,78,18,19,44,25,66,75,9,145,197,52,"Hallam St, West Bromwich B71 4HJ, UK","(52.5273566, -1.9878844, 0.0)"
196,RXL,Blackpool Teaching Hospitals NHS Foundation Trust,87,89,2,52,57,5,91,77,-14,230,223,-7,"Whinney Heys Rd, Blackpool FY3 8NR, UK","(53.820588, -3.0137516, 0.0)"
197,RXM,Derbyshire Healthcare NHS Foundation Trust,99,77,-22,62,55,-7,100,72,-28,261,204,-57,"Trust HQ, Ashbourne Centre, Kingsway Hospital, Kingsway, Derby DE22 3LZ, UK","(52.918022, -1.512301, 0.0)"
198,RXN,Lancashire Teaching Hospitals NHS Foundation Trust,67,93,26,27,71,44,50,87,37,144,251,107,"Sharoe Green Ln, Fulwood, Preston PR2 9HT, UK","(53.7903928, -2.7069534, 0.0)"
199,RXP,County Durham and Darlington NHS Foundation Trust,77,95,18,42,66,24,84,91,7,203,252,49,"Hollyhurst Rd, Darlington DL3 6HX, UK","(54.5317527, -1.5646761, 0.0)"
200,RXQ,Buckinghamshire Healthcare NHS Trust,70,50,-20,26,42,16,64,42,-22,160,134,-26,"Whielden St, Amersham HP7 0JD, UK","(51.6629, -0.6214, 0.0)"
201,RXR,East Lancashire Hospitals NHS Trust,57,94,37,20,68,48,36,85,49,113,247,134,"Casterton Ave, Burnley BB10 2PQ, UK","(53.809828, -2.228172, 0.0)"
202,RXT,Birmingham and Solihull Mental Health NHS Foundation Trust,88,94,6,56,54,-2,77,94,17,221,242,21,"1, B1, 50 Summer Hill Rd, Birmingham B1 3RB, UK","(52.4846346, -1.9181364, 0.0)"
203,RXV,Greater Manchester West Mental Health NHS Foundation Trust,89,80,-9,71,38,-33,86,73,-13,246,191,-55,"Bury New Rd, Prestwich, Manchester M25 3BL, UK","(53.5364995, -2.2926045, 0.0)"
204,RXW,Shrewsbury and Telford Hospital NHS Trust,73,63,-10,43,40,-3,55,67,12,171,170,-1,"Mytton Oak Rd, Shrewsbury SY3 8XQ, UK","(52.7089717, -2.7926946, 0.0)"
205,RXX,Surrey and Borders Partnership NHS Foundation Trust,96,86,-10,69,51,-18,89,81,-8,254,218,-36,"Gatton Place, St Matthew's Rd, Redhill RH1 1TA, UK","(51.2396572, -0.1717138, 0.0)"
206,RXY,Kent and Medway NHS and Social Care Partnership Trust,52,91,39,47,57,10,64,90,26,163,238,75,"Priority House, Hermitage Ln, Maidstone ME16 9PH, UK","(51.2735245, 0.4864705, 0.0)"
207,RY1,Liverpool Community Health,72,69,-3,55,54,-1,64,72,8,191,195,4,"Second Floor, Liverpool Innovation Park, Digital Way, Fairfield, Liverpool L7 9NJ, UK","(53.4077539, -2.9334944, 0.0)"
208,RY2,Bridgewater Community Healthcare NHS Foundation Trust,69,69,0,54,52,-2,68,84,16,191,205,14,"Holes Ln, Woolston, Warrington WA1 4LS, UK","(53.40105879999999, -2.5451291, 0.0)"
209,RY3,Norfolk Community Health And Care NHS Trust,73,80,7,40,55,15,75,75,0,188,210,22,"Bowthorpe Rd, Norwich NR2 3TU, UK","(52.634185, 1.2624132, 0.0)"
210,RY4,Hertfordshire Community NHS Trust,89,84,-5,27,48,21,82,72,-10,198,204,6,"Unit 1a, Howard Court, 14 Tewin Road, Welwyn Garden City AL7 1BW, UK","(51.8026724, -0.1939773, 0.0)"
211,RY5,Lincolnshire Community Health Services NHS Trust,99,77,-22,83,60,-23,98,68,-30,280,205,-75,"Moor Ln, North Hykeham, Lincoln LN6 9BA, UK","(53.1874485, -0.5962759, 0.0)"
212,RY6,Leeds Community Healthcare NHS Trust,65,66,1,28,44,16,89,65,-24,182,175,-7,"Wortley Beck Health Centre Ring Road Lower, Wortley, Leeds LS12 5SG, UK","(53.7824956, -1.6011659, 0.0)"
213,RY7,Wirral Community NHS Trust,78,93,15,49,65,16,82,85,3,209,243,34,"Derby Rd, Birkenhead CH42 0LQ, UK","(53.3800833, -3.026658, 0.0)"
214,RY8,Derbyshire Community Health Services NHS Foundation Trust,77,75,-2,59,59,0,68,80,12,204,214,10,"Baslow Rd, Bakewell DE45 1AD, UK","(53.2187636, -1.6720466, 0.0)"
215,RY9,Hounslow and Richmond Community Healthcare NHS Trust,53,89,36,30,70,40,36,91,55,119,250,131,"180 High St, Teddington TW11 8HU, UK","(51.4274856, -0.3260077, 0.0)"
216,RYG,Coventry and Warwickshire Partnership NHS Trust,53,89,36,41,23,-18,82,100,18,176,212,36,"Wayside House, Wilsons Ln, Longford, Coventry CV6 6NY, UK","(52.4573232, -1.4859248, 0.0)"
217,RYJ,Imperial College Healthcare NHS Trust,77,97,20,46,69,23,64,78,14,187,244,57,"The Bays, S Wharf Rd, Paddington, London W2 1NY, UK","(51.5178108, -0.1743487, 0.0)"
218,RYK,Dudley and Walsall Mental Health Partnership NHS Trust,60,91,31,44,41,-3,52,58,6,156,190,34,"Trafalgar House, 47-49 King St, Dudley DY2 8PS, UK","(52.508434, -2.084503, 0.0)"
219,RYR,Western Sussex Hospitals NHS Trust,93,91,-2,38,71,33,75,89,14,206,251,45,"Spitalfield La, Chichester PO19 6SE, UK","(50.8435533, -0.7680076, 0.0)"
220,RYV,Cambridgeshire Community Services NHS Trust,76,78,2,40,60,20,45,85,40,161,223,62,"Units 7, 8 Meadow Ln, Saint Ives PE27 4LG, UK","(52.3230487, -0.0671066, 0.0)"
221,RYW,Birmingham Community Healthcare NHS Trust,70,68,-2,24,28,4,98,72,-26,192,168,-24,"Priestley Wharf, Holt St, Birmingham B7 4BN, UK","(52.487897, -1.8863477, 0.0)"
222,RYX,Central London Community Healthcare NHS Trust,78,75,-3,37,46,9,45,65,20,160,186,26,"Central London Community Healthcare NHS Trust, Ground Floor, 15 Marylebone Rd, Marylebone, London NW1 5JD, UK","(51.5228364, -0.1514423, 0.0)"
223,RYY,Kent Community Health NHS Foundation Trust,52,87,35,26,62,36,50,83,33,128,232,104,"D, The Oast House, Hermitage Ct, Maidstone ME16 9NT, UK","(51.27823919999999, 0.4787411, 0.0)"
224,TAD,Bradford District Care Trust,71,88,17,36,70,34,73,80,7,180,238,58,"New Mill, Victoria Rd, Saltaire, Shipley BD18 3LD, UK","(53.8395303, -1.7888332, 0.0)"
225,TAF,Camden and Islington NHS Foundation Trust,98,72,-26,62,45,-17,89,72,-17,249,189,-60,"4 St Pancras Way, London NW1 0PE, UK","(51.5361345, -0.1317039, 0.0)"
226,TAH,Sheffield Health & Social Care NHS Foundation Trust,78,89,11,24,78,54,43,83,40,145,250,105,"Fulwood House, Old Fulwood Rd, Sheffield S10 3TH, UK","(53.3650508, -1.5376786, 0.0)"
227,TAJ,Black Country Partnership NHS Foundation Trust,89,79,-10,37,19,-18,93,81,-12,219,179,-40,"Delta House, Greets Green Rd, West Bromwich B70 9PL, UK","(52.51907869999999, -2.0169416, 0.0)"
